             1 2                   32
             3 2                   64
             4 2                  128
             3 2                  256
             4 2                  512
            11 2                1,024
            18 2                2,048
            22 2                4,096
            39 2                8,192
            63 2               16,384
           112 2               32,768
           189 2               65,536
           360 2              131,072
           591 2              262,144
         1,064 2              524,288
         1,850 2            1,048,576
         3,144 2            2,097,152
         5,672 2            4,194,304
        10,166 2            8,388,608
        18,009 2           16,777,216
        32,593 2           33,554,432
        58,826 2           67,108,864
       106,632 2          134,217,728
       195,005 2          268,435,456
       354,541 2          536,870,912
       648,686 2        1,073,741,824
     1,187,501 2        2,147,483,648
     2,182,871 2        4,294,967,296
     4,025,457 2        8,589,934,592
     7,435,020 2       17,179,869,184
    13,758,224 2       34,359,738,368
    25,528,004 2       68,719,476,736
    47,455,713 2      137,438,953,472
    88,350,942 2      274,877,906,944
   164,845,963 2      549,755,813,888
   308,006,948 2    1,099,511,627,776
   576,485,099 2    2,199,023,255,552
        22,777 2    4,398,046,511,104
             1 3              131,072
             4 3              262,144
             6 3              524,288
             6 3            1,048,576
            15 3            2,097,152
            23 3            4,194,304
            34 3            8,388,608
            67 3           16,777,216
           128 3           33,554,432
           204 3           67,108,864
           358 3          134,217,728
           596 3          268,435,456
         1,049 3          536,870,912
         1,860 3        1,073,741,824
         3,190 3        2,147,483,648
         5,628 3        4,294,967,296
         9,820 3        8,589,934,592
        17,402 3       17,179,869,184
        31,011 3       34,359,738,368
        54,810 3       68,719,476,736
        97,280 3      137,438,953,472
       173,286 3      274,877,906,944
       308,243 3      549,755,813,888
       550,820 3    1,099,511,627,776
       983,972 3    2,199,023,255,552
     1,764,750 3    4,398,046,511,104
            71 3    8,796,093,022,208
             1 4       68,719,476,736
             1 4      137,438,953,472
             1 4    1,099,511,627,776
             7 4    2,199,023,255,552
             9 4    4,398,046,511,104
            16 4    8,796,093,022,208
